[[   0.            0.            0.         ...    0.
     0.            0.        ]
 [   0.            0.            0.         ...    0.
     0.            0.        ]
 [  22.50584728  -71.71300597   -9.14993668 ...   58.79078473
  -187.33193397  -23.9018754 ]
 ...
 [  95.80958777  -22.81748359   12.22032875 ...  202.7045824
   -48.2750066    25.85457984]
 [ 106.66188038  -23.99331738   15.29960054 ...  220.20517239
   -49.53459072   31.58627209]
 [ 126.39218154  -27.27493973   19.75586541 ...  237.91469467
   -51.34106302   37.18751136]]
mmmmm: (array([ 0.00632073,  0.0067747 ,  0.00861859,  1.88713395, -0.00276166,
       -0.00435496, -0.00422153]), array([12.34872449]), 7, array([4251.42313312, 1292.0169836 ,  701.39962515,  370.82546562,
        116.29126639,   38.24175747,    4.42156559]))
